259
4.000000
16.000000
4.000000
0.558523
0.540138
0.422202
0.848766
0.672684
0.800731
0.730239
0.513095
0.993437
0.582461
0.133133
0.210789
0.989855
0.955196
0.224602
0.145490
0.089203
0.613558
0.541067
0.339253
0.295195
0.037017
0.322928
0.865164
0.457468
0.468864
0.982709
0.163308
0.881943
0.182025
0.993035
0.440466
0.722163
0.415237
0.289232
0.394848
0.215968
0.019471
0.907942
0.209405
0.601933
0.041075
0.420193
0.591788
0.996272
0.644796
0.737278
0.085475
0.258354
0.278345
0.424728
0.553548
0.315362
0.747656
0.418712
0.772829
0.216520
0.401421
0.936137
0.098463
0.583446
0.929172
0.538929
0.305609
0.344409
0.828160
0.700457
0.560377
0.847631
0.608399
0.769782
0.449564
0.649475
0.189976
0.041352
0.645746
0.834771
0.778629
0.731221
0.093125
0.056974
0.155949
0.646673
0.372336
0.903605
0.065386
0.145165
0.120124
0.466806
0.081302
0.218587
0.050252
0.010474
0.757516
0.355861
0.354883
0.585676
0.056318
0.915260
0.433307
0.664717
0.685043
0.882871
0.314192
0.875018
0.924222
0.959938
0.709790
0.702852
0.691159
0.802915
0.759826
0.847108
0.449588
0.132161
0.750713
0.514974
0.277326
0.870837
0.981781
0.358628
0.089424
0.032033
0.369102
0.846940
0.387894
0.723985
0.432616
0.444212
0.639245
0.865923
0.108930
0.324288
0.748794
0.423121
0.199306
0.673016
0.383060
0.909096
0.375868
0.074219
0.712011
0.135694
0.921327
0.161600
0.267855
0.672040
0.676574
0.545182
0.542877
0.658355
0.903810
0.632301
0.690387
0.272912
0.479241
0.078282
0.996897
0.911857
0.522494
0.636142
0.777780
0.631423
0.960430
0.526574
0.054545
0.159736
0.199591
0.437604
0.068832
0.575459
0.511823
0.780844
0.711153
0.433150
0.942443
0.979009
0.105189
0.619017
0.524190
0.648066
0.277372
0.428000
0.280367
0.967759
0.700912
0.759608
0.046041
0.697808
0.671465
0.568535
0.333950
0.449246
0.199958
0.294380
0.975820
0.254503
0.454116
0.175410
0.692108
0.522948
0.750869
0.203931
0.303792
0.462022
0.637080
0.246236
0.441031
0.742269
0.865253
0.965221
0.390335
0.142625
0.393221
0.670703
0.110384
0.094133
0.430311
0.156425
0.791941
0.101776
0.724960
0.125891
0.551022
0.924918
0.420270
0.526842
0.179421
0.874386
0.702252
0.871529
0.397335
0.453121
0.075459
0.701127
0.915144
0.712540
0.947362
0.356174
0.454809
0.812615
0.321396
0.845144
0.955240
0.714617
0.515847
0.065625
0.808749
0.946158
0.222050
0.600690
0.047934
0.947010
0.726581
0.598956
0.871928
