259
4.000000
16.000000
4.000000
0.198942
0.280556
0.305490
0.221068
0.287609
0.390329
0.354812
0.243469
0.342788
0.465663
0.322509
0.149767
0.201404
0.308279
0.288244
0.184154
0.238235
0.252353
0.214856
0.211300
0.151220
0.227614
0.233523
0.196491
0.176475
0.299135
0.247177
0.179968
0.212577
0.281991
0.294928
0.168686
0.195836
0.314018
0.323881
0.248050
0.252059
0.366005
0.348556
0.291893
0.286751
0.480136
0.441686
0.307654
0.275603
0.376866
0.383989
0.305922
0.230487
0.382262
0.395268
0.304024
0.164128
0.268113
0.313746
0.268352
0.220780
0.333189
0.377585
0.226739
0.117198
0.225187
0.136437
0.104012
0.312342
0.447231
0.409945
0.271271
0.444590
0.527879
0.469332
0.263149
0.438778
0.520686
0.425015
0.305426
0.345381
0.389445
0.452483
0.284860
0.291480
0.417748
0.445934
0.283097
0.271032
0.402399
0.401147
0.310247
0.264778
0.545651
0.494461
0.274765
0.345831
0.474716
0.522487
0.355333
0.325104
0.456637
0.514862
0.346313
0.253422
0.512483
0.526821
0.327117
0.374717
0.513415
0.435504
0.366773
0.436826
0.524294
0.470145
0.311208
0.381710
0.486650
0.505689
0.391563
0.366016
0.486656
0.389858
0.279726
0.389955
0.577971
0.466461
0.275353
0.265780
0.345804
0.277910
0.154384
0.244556
0.392847
0.366977
0.219043
0.352374
0.450804
0.439243
0.276568
0.348996
0.414039
0.402127
0.270277
0.352581
0.519035
0.448129
0.273505
0.255605
0.453428
0.492132
0.311290
0.271307
0.416608
0.395361
0.315447
0.250717
0.362497
0.439552
0.279644
0.310101
0.462195
0.464952
0.288049
0.396981
0.548353
0.474549
0.260083
0.424102
0.563937
0.536875
0.362605
0.442509
0.625349
0.545816
0.397427
0.416362
0.520442
0.575067
0.410877
0.431353
0.498271
0.530247
0.384348
0.352706
0.488845
0.522355
0.288976
0.383164
0.517485
0.425697
0.295651
0.273151
0.373331
0.266074
0.160209
0.170753
0.216193
0.174851
0.122943
0.187500
0.312760
0.252539
0.138290
0.216187
0.251451
0.304573
0.124000
0.206742
0.290536
0.322279
0.218705
0.173934
0.260037
0.347960
0.172069
0.210758
0.269275
0.289120
0.172071
0.207560
0.282073
0.247747
0.169174
0.249535
0.355518
0.338325
0.162521
0.251541
0.284225
0.312335
0.185400
0.168493
0.210028
0.209399
0.189610
0.221563
0.307989
0.339276
0.176045
0.233229
0.323522
0.315425
0.256440
0.255352
0.271020
0.251519
0.175421
0.265966
0.320410
0.229724
0.151053
0.319445
0.333044
0.277476
0.148629
0.173513
0.186137
0.125687
0.074752
