259
4.000000
4.000000
16.000000
0.069601
0.724522
0.119725
0.941529
0.871374
0.245523
0.992878
0.892611
0.073573
0.915757
0.311184
0.354744
0.914095
0.430883
0.551058
0.624972
0.497945
0.103547
0.790658
0.377621
0.977432
0.801489
0.212538
0.565933
0.328166
0.113080
0.963184
0.801001
0.235671
0.961125
0.321770
0.305272
0.685647
0.441495
0.246801
0.557020
0.687018
0.239679
0.449632
0.760591
0.155436
0.760816
0.115334
0.069530
0.191699
0.666393
0.694502
0.689643
0.769940
0.485160
0.067264
0.747372
0.286649
0.279803
0.313305
0.614815
0.392882
0.276489
0.415815
0.628553
0.237613
0.737585
0.933825
0.923260
0.179080
0.180626
0.480280
0.866098
0.420305
0.929912
0.626688
0.575740
0.690727
0.742023
0.645270
0.882426
0.408415
0.339772
0.572069
0.178355
0.824933
0.639333
0.925727
0.111581
0.919136
0.239032
0.726396
0.312019
0.515521
0.142211
0.940572
0.753134
0.879796
0.874397
0.676394
0.058876
0.055023
0.156674
0.924974
0.475328
0.086585
0.551662
0.051068
0.777312
0.293685
0.696339
0.659738
0.702100
0.036111
0.231807
0.880456
0.861044
0.871140
0.806183
0.972625
0.790276
0.045215
0.699021
0.102294
0.560736
0.841232
0.042866
0.313870
0.721028
0.917263
0.990263
0.779904
0.972286
0.146937
0.704878
0.447614
0.233522
0.256540
0.498682
0.010834
0.550225
0.195021
0.670572
0.252325
0.231132
0.902378
0.132781
0.092175
0.773518
0.938964
0.064800
0.563794
0.984179
0.763821
0.666089
0.544915
0.605053
0.708955
0.858784
0.326082
0.626218
0.849047
0.105986
0.598505
0.995984
0.810864
0.046119
0.229506
0.067404
0.544801
0.240340
0.617629
0.739821
0.910912
0.869954
0.970953
0.813290
0.002735
0.063128
0.586808
0.941698
0.127928
0.150602
0.925877
0.891750
0.816691
0.470792
0.496803
0.525645
0.329576
0.822885
0.151864
0.178623
0.928871
0.750368
0.174607
0.739735
0.796487
0.404113
0.807139
0.341288
0.644453
0.424768
0.081109
0.555364
0.294722
0.052062
0.368654
0.297456
0.115190
0.955462
0.239155
0.243118
0.106064
0.165032
0.134868
0.922755
0.635824
0.631671
0.448400
0.965400
0.454555
0.600264
0.144023
0.383426
0.350632
0.318630
0.123161
0.147119
0.722743
0.930300
0.488407
0.367196
0.355068
0.569516
0.922561
0.649790
0.621577
0.291215
0.947247
0.736767
0.246677
0.186401
0.979885
0.352741
0.351433
0.114753
0.275495
0.987257
0.746424
0.723895
0.952656
0.200979
0.324159
0.096679
0.584405
0.674791
0.415309
0.707566
0.821910
0.138052
