259
4.000000
4.000000
16.000000
0.115189
0.160784
0.224651
0.182807
0.260072
0.210621
0.190746
0.192523
0.185212
0.161643
0.264839
0.205731
0.216107
0.231503
0.156296
0.070937
0.159899
0.209316
0.288310
0.318576
0.250275
0.325297
0.286292
0.240268
0.280908
0.249709
0.279094
0.306708
0.267539
0.282054
0.305798
0.158527
0.181205
0.319897
0.273889
0.294531
0.237629
0.237815
0.238330
0.227381
0.244334
0.233043
0.279595
0.239523
0.313217
0.318273
0.363968
0.202298
0.127991
0.199632
0.189880
0.128605
0.163512
0.119590
0.164067
0.145473
0.185686
0.107493
0.145057
0.130406
0.192876
0.202062
0.264796
0.147787
0.205351
0.280109
0.301620
0.412100
0.450301
0.376608
0.384429
0.363805
0.339935
0.360959
0.379906
0.403285
0.420743
0.321784
0.324268
0.239150
0.259209
0.392097
0.470867
0.500722
0.534031
0.535978
0.514123
0.502730
0.560504
0.470563
0.551556
0.534741
0.418270
0.488396
0.554738
0.336663
0.288039
0.483284
0.439898
0.551417
0.469907
0.439387
0.445165
0.464034
0.454340
0.476635
0.480146
0.459603
0.525642
0.524158
0.595760
0.406433
0.158766
0.359943
0.314722
0.314856
0.311273
0.195609
0.307062
0.251974
0.364125
0.279715
0.273429
0.250191
0.309559
0.344048
0.466087
0.318507
0.173501
0.283967
0.321195
0.418473
0.361604
0.348022
0.359942
0.348418
0.330386
0.337211
0.345813
0.380973
0.363838
0.333247
0.261300
0.153273
0.279375
0.476480
0.445477
0.477214
0.481128
0.434768
0.553863
0.474096
0.531671
0.480877
0.576612
0.526991
0.428850
0.453686
0.493977
0.297229
0.260852
0.505369
0.512142
0.583577
0.481312
0.483667
0.496431
0.481276
0.498501
0.486817
0.543048
0.586054
0.508775
0.515542
0.563841
0.373006
0.151570
0.312917
0.322403
0.391499
0.307142
0.301491
0.312532
0.302716
0.360939
0.350360
0.358210
0.293206
0.327725
0.391694
0.404608
0.263782
0.102513
0.230447
0.254673
0.279480
0.252658
0.228996
0.237343
0.197642
0.259989
0.200984
0.201508
0.201188
0.214809
0.198474
0.197679
0.145152
0.232892
0.346476
0.266094
0.362731
0.387307
0.365404
0.404655
0.366464
0.433391
0.414054
0.405665
0.309617
0.323435
0.288445
0.319252
0.236154
0.152097
0.301454
0.359358
0.406922
0.431543
0.419142
0.423617
0.425020
0.461043
0.408964
0.429517
0.400196
0.342281
0.296858
0.304903
0.272707
0.121157
0.208026
0.219532
0.287499
0.307396
0.329525
0.286310
0.323446
0.253941
0.316109
0.283002
0.243266
0.250396
0.285162
0.249618
0.208969
