515
8.000000
8.000000
8.000000
0.579708
0.572190
0.138693
0.717761
0.210057
0.449010
0.223009
0.202992
0.328843
0.650818
0.845717
0.830253
0.369842
0.435689
0.068430
0.335542
0.212062
0.286492
0.653984
0.339869
0.619308
0.247921
0.454932
0.698547
0.565753
0.522652
0.978765
0.207744
0.687051
0.843388
0.524526
0.266759
0.415578
0.663219
0.984520
0.625634
0.112229
0.207529
0.828626
0.441072
0.858347
0.674343
0.271325
0.228189
0.110032
0.339754
0.563731
0.322094
0.626247
0.217715
0.661962
0.245554
0.465636
0.116894
0.944101
0.031388
0.639546
0.922866
0.239132
0.326598
0.766253
0.763659
0.593357
0.181831
0.426878
0.577877
0.807465
0.539107
0.785406
0.636091
0.980179
0.643753
0.310434
0.251504
0.871942
0.420465
0.591258
0.435673
0.742559
0.217505
0.653388
0.404521
0.463059
0.119024
0.521416
0.407160
0.150412
0.160962
0.330025
0.389545
0.487560
0.096279
0.153204
0.080917
0.278110
0.580082
0.658793
0.085575
0.119189
0.444199
0.721666
0.099369
0.087952
0.032100
0.350872
0.959893
0.452565
0.942131
0.395566
0.195124
0.159635
0.048954
0.599646
0.622694
0.167978
0.121062
0.029854
0.318391
0.282024
0.359879
0.707935
0.769584
0.456158
0.861139
0.850501
0.734268
0.441221
0.509294
0.819843
0.560410
0.953493
0.541509
0.659779
0.041445
0.573609
0.010651
0.001338
0.026175
0.952782
0.396904
0.221299
0.112417
0.445859
0.820945
0.735111
0.613837
0.942007
0.764965
0.932228
0.224031
0.124845
0.640163
0.993615
0.581003
0.501302
0.844116
0.315271
0.942523
0.353411
0.135114
0.502934
0.306904
0.676624
0.162712
0.348349
0.250233
0.173364
0.349688
0.276408
0.126145
0.746592
0.497707
0.238562
0.192451
0.318652
0.973673
0.806288
0.260659
0.738639
0.738516
0.484690
0.863483
0.378679
0.478305
0.444486
0.879981
0.322421
0.759757
0.822505
0.675832
0.894871
0.325438
0.982737
0.571495
0.488151
0.331086
0.821728
0.661514
0.680773
0.098135
0.787659
0.427365
0.595842
0.026222
0.619816
0.914494
0.999895
0.426104
0.175152
0.738534
0.164620
0.659842
0.602017
0.543299
0.138147
0.046503
0.423281
0.460569
0.806259
0.245785
0.136401
0.701130
0.571223
0.119137
0.272625
0.059374
0.450223
0.094353
0.720888
0.130997
0.192488
0.508547
0.558362
0.788330
0.534769
0.178178
0.702824
0.534664
0.604282
0.877977
0.273198
0.768903
0.537819
0.875214
0.312202
0.675966
0.921717
0.735482
0.136534
0.727976
0.981268
0.272935
0.429107
0.552491
0.392072
0.701732
0.611865
0.842296
0.796084
0.332753
0.973292
0.988573
0.841300
0.531654
0.776903
0.376069
0.709832
0.479727
0.910733
0.314114
0.357704
0.183931
0.083017
0.895522
0.059145
0.395219
0.571488
0.980862
0.130701
0.708022
0.708839
0.111968
0.980957
0.137945
0.664459
0.373029
0.839677
0.276324
0.215325
0.635761
0.609077
0.188617
0.624334
0.450377
0.720271
0.401237
0.826446
0.430103
0.880964
0.737179
0.744217
0.238668
0.921110
0.827234
0.134190
0.980255
0.222452
0.705678
0.961118
0.353153
0.413699
0.669957
0.465122
0.394656
0.807902
0.129581
0.767685
0.647579
0.405905
0.983010
0.283340
0.014982
0.171626
0.907674
0.465358
0.891897
0.308912
0.291804
0.322000
0.189876
0.028983
0.066217
0.428543
0.950093
0.893450
0.562733
0.930348
0.115903
0.268411
0.891466
0.469056
0.682110
0.561423
0.934177
0.076766
0.369325
0.063758
0.844451
0.016903
0.469663
0.827461
0.300244
0.484645
0.999087
0.207918
0.950003
0.890984
0.516830
0.241807
0.212984
0.706705
0.270790
0.279201
0.135249
0.220883
0.172651
0.697982
0.151232
0.288553
0.966392
0.042698
0.757609
0.648502
0.604121
0.691787
0.725268
0.973445
0.755545
0.569719
0.990349
0.225208
0.397180
0.290592
0.709853
0.396267
0.498511
0.659857
0.287252
0.015340
0.901664
0.500235
0.722046
0.172454
0.779436
0.857294
0.393337
0.952087
0.555276
0.544569
0.240640
0.521669
0.587267
0.998249
0.170171
0.191387
0.690036
0.895439
0.164832
0.445581
0.465158
0.155181
0.670790
0.862338
0.445773
0.380643
0.258605
0.944284
0.040500
0.545857
0.959624
0.942164
0.046092
0.681670
0.114618
0.825528
0.538965
0.507955
0.777615
0.094241
0.052524
0.018255
0.615910
0.639791
0.016505
0.786080
0.831178
0.706541
0.681519
0.996011
0.152122
0.146677
0.151192
0.822912
0.009016
0.596965
0.203555
0.267621
0.541249
0.244055
0.813478
0.500873
0.186219
0.859570
0.182544
0.300836
0.685098
0.721509
0.808791
0.462713
0.815750
0.861315
0.480968
0.431659
0.501106
0.497473
0.217740
0.332285
0.204014
0.899259
0.328295
0.356136
0.045936
0.479487
0.179048
0.054952
0.076452
0.382604
0.322573
0.617701
0.626659
0.136050
0.118574
0.812877
0.995620
0.301118
0.113713
0.680719
0.022627
0.922504
0.143432
0.838376
0.783820
0.624400
0.270035
0.284926
0.121874
0.487775
0.617211
0.325888
0.387034
0.945506
0.682024
0.432970
0.424993
0.861073
0.487922
0.501445
0.243676
0.810495
0.119146
0.870335
0.946545
