515
8.000000
8.000000
8.000000
0.164761
0.286554
0.297859
0.292293
0.261775
0.251631
0.231938
0.171851
0.196726
0.357885
0.374454
0.421192
0.336491
0.326906
0.306708
0.194497
0.195377
0.371950
0.324735
0.352757
0.298302
0.306630
0.256036
0.169293
0.202798
0.362353
0.327705
0.307712
0.233202
0.295036
0.253325
0.171462
0.268864
0.359431
0.346058
0.299035
0.265816
0.267128
0.226870
0.149627
0.251610
0.380776
0.346452
0.282661
0.240000
0.249424
0.209131
0.135606
0.321245
0.379234
0.354491
0.295560
0.295232
0.287219
0.261863
0.164272
0.204059
0.295764
0.250833
0.219905
0.267886
0.287227
0.245984
0.151147
0.251095
0.473836
0.484478
0.488988
0.388966
0.364064
0.322721
0.217429
0.338596
0.564437
0.627742
0.699525
0.509951
0.463824
0.424889
0.322397
0.362043
0.645532
0.623303
0.619730
0.548745
0.488627
0.444300
0.281365
0.384101
0.650552
0.587465
0.594425
0.464723
0.454533
0.459039
0.266325
0.437032
0.628976
0.563502
0.496193
0.435400
0.404271
0.399640
0.243306
0.408474
0.594421
0.527113
0.491631
0.402273
0.408664
0.405146
0.266052
0.508196
0.603195
0.562378
0.544486
0.536930
0.553580
0.513238
0.292759
0.319575
0.462159
0.408139
0.394263
0.460811
0.486085
0.410512
0.237247
0.262100
0.515150
0.440998
0.460695
0.402077
0.497914
0.446251
0.276720
0.400427
0.632273
0.614469
0.645939
0.534705
0.588082
0.550538
0.347910
0.361071
0.596436
0.570237
0.543224
0.534744
0.515822
0.429882
0.263874
0.376846
0.536971
0.484177
0.530548
0.456770
0.396850
0.361567
0.199101
0.365006
0.531617
0.491043
0.487365
0.416032
0.396512
0.393299
0.234577
0.365548
0.522811
0.556318
0.522495
0.457633
0.413671
0.421363
0.315058
0.488079
0.628468
0.670141
0.645733
0.587129
0.555683
0.581158
0.380111
0.313237
0.420384
0.468835
0.429835
0.450166
0.445337
0.437485
0.288334
0.297432
0.507652
0.437900
0.475602
0.420173
0.503306
0.416180
0.257394
0.469265
0.656516
0.646414
0.678753
0.609043
0.607755
0.532682
0.320819
0.365381
0.660860
0.604317
0.580001
0.596737
0.616271
0.510142
0.283391
0.406163
0.594535
0.572563
0.606867
0.514515
0.505466
0.495564
0.274616
0.359567
0.579249
0.536235
0.566181
0.471588
0.545652
0.520347
0.364830
0.395066
0.584160
0.615493
0.612962
0.556103
0.574058
0.592091
0.452706
0.395460
0.665759
0.674476
0.663090
0.655498
0.671049
0.711441
0.479073
0.273056
0.421029
0.505867
0.470414
0.463434
0.490427
0.464025
0.320941
0.297123
0.401636
0.321143
0.413406
0.514385
0.584139
0.498592
0.261259
0.428323
0.512381
0.475760
0.538598
0.721483
0.714487
0.649220
0.341898
0.360857
0.525823
0.452076
0.476262
0.644547
0.689677
0.591095
0.340640
0.344874
0.475590
0.505212
0.536167
0.574978
0.540721
0.516670
0.315075
0.364195
0.575966
0.547784
0.504254
0.540515
0.620087
0.542385
0.353765
0.451475
0.567637
0.612823
0.604410
0.578201
0.582235
0.631911
0.451132
0.437966
0.673577
0.647395
0.598268
0.636205
0.612214
0.701060
0.489480
0.306711
0.467137
0.515597
0.439103
0.449497
0.432672
0.461727
0.333890
0.252812
0.373897
0.373948
0.457702
0.487401
0.523397
0.458403
0.250788
0.379739
0.534744
0.545559
0.579487
0.702778
0.730043
0.682433
0.368331
0.369186
0.520939
0.544731
0.592395
0.582389
0.672093
0.607858
0.381771
0.390652
0.521362
0.529780
0.612280
0.631028
0.627172
0.547945
0.367263
0.398862
0.595280
0.568575
0.623672
0.610871
0.602891
0.501308
0.327738
0.456595
0.626204
0.608619
0.683639
0.622589
0.581851
0.504905
0.364595
0.425551
0.621110
0.601575
0.650002
0.588098
0.578268
0.648034
0.429070
0.275085
0.405610
0.419331
0.482486
0.426443
0.405530
0.402046
0.313437
0.230308
0.339268
0.367394
0.385893
0.437580
0.479481
0.424051
0.263608
0.342654
0.524123
0.538137
0.572802
0.656084
0.711981
0.595734
0.363661
0.341708
0.434681
0.477379
0.532695
0.592049
0.677500
0.602873
0.356595
0.332505
0.451415
0.545948
0.595366
0.561501
0.588665
0.494214
0.327628
0.358535
0.473779
0.531120
0.607956
0.544976
0.484859
0.411561
0.273355
0.447758
0.573642
0.615018
0.710292
0.625887
0.533547
0.413531
0.276126
0.424471
0.624647
0.555679
0.611537
0.555334
0.583296
0.556582
0.361372
0.312759
0.409237
0.410608
0.447576
0.407263
0.425653
0.410577
0.328384
0.216863
0.313136
0.323218
0.306421
0.284209
0.293064
0.266945
0.173077
0.296062
0.465991
0.420835
0.405847
0.424375
0.442940
0.364697
0.217980
0.284300
0.385305
0.351728
0.409606
0.420643
0.439551
0.340546
0.174700
0.238861
0.357832
0.344028
0.375732
0.367000
0.419078
0.289282
0.177154
0.259323
0.333529
0.410843
0.484240
0.364794
0.265601
0.246889
0.171087
0.280037
0.379514
0.461932
0.566679
0.422605
0.345282
0.276381
0.164498
0.280936
0.386310
0.383958
0.446809
0.361393
0.377926
0.375021
0.218066
0.154010
0.256850
0.257479
0.287465
0.273331
0.310814
0.263225
0.194985
