259
16.000000
4.000000
4.000000
0.146331
0.492952
0.805250
0.370294
0.250579
0.669681
0.889814
0.273039
0.981533
0.507501
0.903041
0.317807
0.660439
0.320842
0.488869
0.109254
0.028645
0.767103
0.703907
0.483931
0.845109
0.001484
0.380134
0.316233
0.960405
0.398512
0.106031
0.640109
0.111305
0.407886
0.617315
0.257635
0.900838
0.422565
0.627930
0.151417
0.092246
0.517744
0.424457
0.073779
0.025245
0.327498
0.391586
0.685684
0.648340
0.880455
0.794938
0.676985
0.647558
0.498845
0.160915
0.492667
0.500329
0.541049
0.808900
0.460734
0.939561
0.914931
0.100843
0.050866
0.322817
0.718158
0.308501
0.223655
0.140723
0.936431
0.375072
0.232968
0.454175
0.799529
0.306747
0.479420
0.127027
0.698333
0.165104
0.775366
0.578788
0.960043
0.452351
0.226346
0.458888
0.613266
0.719013
0.959217
0.154316
0.527913
0.419951
0.093877
0.442844
0.520793
0.144743
0.765661
0.238951
0.453244
0.989315
0.379674
0.389675
0.364387
0.612642
0.843850
0.163916
0.919389
0.323270
0.290942
0.617723
0.488375
0.066308
0.196511
0.448417
0.518659
0.422857
0.907305
0.131926
0.141870
0.866522
0.286241
0.669783
0.286472
0.380118
0.112627
0.807266
0.524861
0.878288
0.046217
0.978105
0.867603
0.425891
0.367780
0.231991
0.038533
0.211630
0.395906
0.957923
0.534901
0.686849
0.575645
0.023276
0.753157
0.772156
0.471693
0.271817
0.195013
0.378998
0.403742
0.336883
0.245520
0.689983
0.006666
0.531992
0.070102
0.119293
0.339258
0.594962
0.997581
0.385475
0.573068
0.865184
0.811365
0.940848
0.097175
0.849899
0.152478
0.493082
0.807821
0.687379
0.179930
0.383466
0.710655
0.933088
0.155622
0.182348
0.204905
0.350636
0.561346
0.608647
0.687519
0.806865
0.298630
0.694185
0.338857
0.368732
0.813478
0.678115
0.963694
0.811059
0.063589
0.536762
0.676243
0.874955
0.477610
0.773418
0.724853
0.630088
0.266500
0.532674
0.317467
0.446430
0.916140
0.028122
0.379518
0.071763
0.210470
0.584423
0.422398
0.771815
0.193070
0.109917
0.578681
0.491700
0.804102
0.917538
0.860432
0.617579
0.595653
0.824127
0.428638
0.659242
0.360889
0.104882
0.534197
0.838499
0.878300
0.259050
0.468587
0.144800
0.791724
0.786054
0.591230
0.707865
0.814177
0.970749
0.779627
0.024646
0.555172
0.202026
0.796462
0.748241
0.311943
0.375142
0.239942
0.116044
0.292680
0.100374
0.733624
0.888333
0.924500
0.162262
0.547575
0.285389
0.267143
0.081772
0.123888
0.145443
0.340822
0.592475
0.290243
