259
16.000000
4.000000
4.000000
0.108840
0.203431
0.171124
0.077053
0.172088
0.270742
0.315714
0.190165
0.187898
0.263665
0.221980
0.157617
0.110540
0.227961
0.132667
0.106983
0.186600
0.271630
0.236391
0.166800
0.309226
0.462100
0.413270
0.294182
0.278999
0.527339
0.398913
0.247332
0.174020
0.334543
0.259628
0.142403
0.196861
0.283210
0.253905
0.133044
0.273090
0.494416
0.350431
0.199557
0.301125
0.400836
0.424880
0.251976
0.237090
0.276833
0.273528
0.127817
0.241089
0.292790
0.253510
0.138519
0.340534
0.386954
0.418097
0.164110
0.346991
0.426782
0.440022
0.225324
0.211128
0.312506
0.354989
0.149547
0.219700
0.299330
0.282232
0.132304
0.320251
0.415853
0.486061
0.273900
0.331119
0.458866
0.460110
0.187261
0.249711
0.265318
0.260458
0.103546
0.232312
0.254903
0.328005
0.123931
0.330545
0.358687
0.426443
0.240425
0.317071
0.355564
0.522177
0.213481
0.216961
0.282653
0.328671
0.110709
0.163698
0.300676
0.278214
0.155477
0.271653
0.411312
0.362075
0.249195
0.319525
0.423695
0.402194
0.219003
0.217132
0.331594
0.310541
0.198228
0.162303
0.265174
0.289155
0.134542
0.303221
0.389279
0.400554
0.214004
0.363714
0.507161
0.402744
0.216426
0.185834
0.275101
0.308824
0.197580
0.134032
0.257883
0.179530
0.148771
0.242506
0.457768
0.371950
0.232757
0.319470
0.541509
0.357297
0.241177
0.254033
0.373745
0.321735
0.167878
0.120225
0.233652
0.228729
0.120610
0.246175
0.434192
0.381239
0.285241
0.331705
0.475623
0.423065
0.242350
0.203476
0.337361
0.281371
0.120866
0.179341
0.272966
0.250247
0.170575
0.262706
0.462880
0.369510
0.222036
0.295486
0.495608
0.513261
0.301572
0.243501
0.412940
0.281527
0.199308
0.201073
0.307918
0.296905
0.164139
0.257377
0.436856
0.400464
0.274327
0.255733
0.416082
0.464559
0.234981
0.143932
0.242532
0.254002
0.183823
0.235066
0.372544
0.305286
0.177786
0.282733
0.488578
0.493607
0.310876
0.308458
0.473747
0.506168
0.274042
0.192223
0.279466
0.270295
0.173585
0.254592
0.382383
0.359716
0.170759
0.312335
0.393795
0.521368
0.278600
0.331275
0.437679
0.425474
0.290996
0.134845
0.247395
0.247277
0.110182
0.264970
0.359853
0.418334
0.216858
0.300098
0.406817
0.470006
0.277641
0.310580
0.474934
0.439403
0.216952
0.186042
0.206472
0.244244
0.082698
0.178749
0.226472
0.247108
0.167297
0.214808
0.278593
0.304869
0.149977
0.177350
0.277589
0.319752
0.116881
0.084863
0.150933
0.149778
0.070444
